場所,R,馬番,馬名,種牡馬名,種牡馬利益度_1,種牡馬利益度_2,種牡馬利益度_3,種牡馬利益度_4,種牡馬利益度_5,種牡馬利益度_6,種牡馬利益度_7,種牡馬利益度_8,種牡馬利益度,種牡馬利益度順位
札幌,1,1,フェアーメロディ,ミスターメロディ,-236.0,-228.0,-1856.0,,-411.0,-473.0,,-347.0,-3551.0,9.0
札幌,1,2,ミサビスケッツ,マインドユアビスケッツ,321.0,-272.0,-2646.0,-2569.0,-1831.0,-2241.0,,-280.0,-9518.0,10.0
札幌,1,3,メイショウハマギク,マインドユアビスケッツ,321.0,-272.0,-2646.0,-2569.0,-1831.0,-2241.0,-540.0,-280.0,-10058.0,11.0
札幌,1,4,ユージュアーナ,リアルスティール,-71.0,3353.0,3041.0,4033.0,1180.0,1961.0,,673.0,14170.0,3.0
札幌,1,5,モアサナイト,レイデオロ,-199.0,44.0,-284.0,-4861.0,-1787.0,-3153.0,-1258.0,-478.0,-11976.0,13.0
札幌,1,6,スタードメイソン,ブリックスアンドモルタル,613.0,-621.0,-981.0,1564.0,1306.0,-1051.0,391.0,307.0,1528.0,5.0
札幌,1,7,ウインフルゴラ,サンダースノー,-183.0,3025.0,4847.0,4503.0,1191.0,4169.0,-2281.0,3951.0,19222.0,1.0
札幌,1,8,サンダーフレア,リアルスティール,-71.0,3353.0,3041.0,4033.0,1180.0,1961.0,1095.0,673.0,15265.0,2.0
札幌,1,9,オルミラベル,サートゥルナーリア,130.0,78.0,452.0,,-851.0,-390.0,-572.0,-316.0,-1469.0,7.0
札幌,1,10,タヤスソーレ,マクフィ,-47.0,-286.0,-385.0,-999.0,330.0,-47.0,,-1425.0,-2859.0,8.0
札幌,1,11,スマートイザナミ,ルヴァンスレーヴ,1364.0,-957.0,891.0,,1137.0,3608.0,-611.0,-291.0,5141.0,4.0
札幌,1,12,セレーネアステール,ルーラーシップ,-77.0,1741.0,-317.0,645.0,-1950.0,-4.0,-708.0,-398.0,-1068.0,6.0
札幌,1,13,ハローエンジェル,レイデオロ,-199.0,44.0,-284.0,-4861.0,-1787.0,-3153.0,10.0,-478.0,-10708.0,12.0
札幌,1,14,アラマンダ,レイデオロ,-199.0,44.0,-284.0,-4861.0,-1787.0,-3153.0,-1258.0,-478.0,-11976.0,13.0
札幌,2,1,コルネイユドール,マインドユアビスケッツ,321.0,-272.0,1224.0,-2569.0,389.0,-2241.0,,837.0,-2311.0,8.0
札幌,2,2,スイッチビスケット,サトノクラウン,-308.0,-3346.0,-1605.0,-1737.0,-221.0,-1479.0,193.0,-612.0,-9115.0,12.0
札幌,2,3,シーオン,エイシンフラッシュ,-310.0,-643.0,-2598.0,-937.0,-2976.0,-1906.0,,-75.0,-9445.0,13.0
札幌,2,4,エクラドネージュ,ミッキーアイル,-283.0,682.0,1956.0,-612.0,830.0,1117.0,,192.0,3882.0,4.0
札幌,2,5,ロードステイタス,ロードカナロア,71.0,-606.0,-1519.0,-1124.0,1653.0,-3552.0,,-993.0,-6070.0,9.0
札幌,2,6,ベルシャイニー,ビーチパトロール,-6.0,-346.0,-68.0,1005.0,-735.0,-346.0,,174.0,-322.0,7.0
札幌,2,7,ウィンビュー,モズアスコット,520.0,616.0,1176.0,,906.0,1376.0,,874.0,5468.0,3.0
札幌,2,8,ハーフェン,オルフェーヴル,313.0,930.0,1764.0,1034.0,147.0,1152.0,,243.0,5583.0,2.0
札幌,2,9,ウインボニータ,イスラボニータ,-292.0,693.0,4154.0,725.0,3209.0,620.0,474.0,201.0,9784.0,1.0
札幌,2,10,ユキノエミリオ,ビッグアーサー,-637.0,-2689.0,63.0,-2474.0,-2015.0,-1572.0,-792.0,229.0,-9887.0,14.0
札幌,2,11,キャナルクルーズ,ロードカナロア,71.0,-606.0,-1519.0,-1124.0,1653.0,-3552.0,,-993.0,-6070.0,9.0
札幌,2,12,ダークメモリー,Dark Angel,76.0,78.0,553.0,222.0,526.0,385.0,,165.0,2005.0,6.0
札幌,2,13,スピリットサージ,ブリックスアンドモルタル,613.0,-621.0,1704.0,1564.0,66.0,-1051.0,,103.0,2378.0,5.0
札幌,2,14,ピースフルゴールド,ロードカナロア,71.0,-606.0,-1519.0,-1124.0,1653.0,-3552.0,,-993.0,-6070.0,9.0
札幌,3,1,ニコ,ダノンバラード,648.0,-59.0,172.0,-197.0,754.0,634.0,,83.0,2035.0,6.0
札幌,3,2,セイスイミリオン,イスラボニータ,-292.0,693.0,-2141.0,725.0,-990.0,620.0,,-272.0,-1657.0,11.0
札幌,3,3,カフェブーケット,フォーウィールドライブ,70.0,1462.0,1178.0,,-445.0,1050.0,436.0,-549.0,3202.0,4.0
札幌,3,4,ロングロングロング,ルヴァンスレーヴ,1364.0,-957.0,891.0,,1137.0,3608.0,-611.0,-291.0,5141.0,3.0
札幌,3,5,ブラックレーション,デクラレーションオブウォー,391.0,-365.0,-1041.0,460.0,-1205.0,81.0,,946.0,-733.0,8.0
札幌,3,6,マークオブゾロ,マスクゾロ,,,,,,,,,,
札幌,3,7,サザンブラック,ブラックタイド,-448.0,253.0,1243.0,65.0,537.0,501.0,-604.0,576.0,2123.0,5.0
札幌,3,8,アルテボーイ,ミッキーアイル,-283.0,682.0,-837.0,-612.0,47.0,1117.0,-77.0,-10.0,27.0,7.0
札幌,3,9,ボールドハーテッド,マジェスティックウォリアー,297.0,-2275.0,1907.0,1616.0,1357.0,2076.0,306.0,1854.0,7138.0,1.0
札幌,3,10,タイキフィアリーベ,ラブリーデイ,247.0,-147.0,-996.0,-245.0,321.0,-32.0,,-702.0,-1554.0,10.0
札幌,3,11,オンクラウドナイン,ラニ,-323.0,75.0,2043.0,961.0,1232.0,1786.0,-123.0,537.0,6188.0,2.0
札幌,3,12,ルグランシャリオ,フサイチセブン,,,,,,,,,,
札幌,3,13,ジャスティンアロー,リオンディーズ,-363.0,-1814.0,-460.0,-2627.0,78.0,1038.0,481.0,337.0,-3330.0,12.0
札幌,3,14,ミユンガー,ニューイヤーズデイ,-250.0,-354.0,-123.0,-171.0,119.0,-660.0,-17.0,469.0,-987.0,9.0
札幌,4,1,ピティロディア,キンシャサノキセキ,-427.0,59.0,-1911.0,-1289.0,-322.0,855.0,,-1103.0,-4138.0,7.0
札幌,4,2,ディアイライザ,ノヴェリスト,196.0,-777.0,407.0,-160.0,35.0,154.0,,185.0,40.0,5.0
札幌,4,3,トルストイ,サートゥルナーリア,130.0,78.0,-800.0,,-851.0,-390.0,-209.0,226.0,-1816.0,6.0
札幌,4,4,サイモンイロハニー,ゴールドシップ,322.0,396.0,580.0,662.0,1279.0,1463.0,,-493.0,4209.0,3.0
札幌,4,5,ヨヒーン,キズナ,-113.0,1802.0,4251.0,2547.0,3921.0,3253.0,,615.0,16276.0,1.0
札幌,4,6,カリビアンブルー,エピファネイア,-315.0,-1602.0,-2937.0,-3588.0,-1809.0,-5692.0,-1724.0,-2058.0,-19725.0,9.0
札幌,4,7,メテオレーナ,ルーラーシップ,-77.0,1741.0,345.0,645.0,-1950.0,-4.0,,409.0,1109.0,4.0
札幌,4,8,ハードロックスター,エピファネイア,-315.0,-1602.0,-2937.0,-3588.0,-1809.0,-5692.0,,-2058.0,-18001.0,8.0
札幌,4,9,アルファシリウス,オルフェーヴル,313.0,930.0,1764.0,1034.0,1044.0,1152.0,,243.0,6480.0,2.0
札幌,5,1,マリノリュミエール,ノーブルミッション,-83.0,-1467.0,-2208.0,-3655.0,-1418.0,-2293.0,,-580.0,-11704.0,6.0
札幌,5,2,シンデレラガール,サングレーザー,316.0,1702.0,350.0,375.0,281.0,250.0,,,3274.0,2.0
札幌,5,3,ユイノカタリベ,タワーオブロンドン,221.0,-437.0,796.0,338.0,246.0,-157.0,,128.0,1135.0,5.0
札幌,5,4,レイサンソク,シスキン,46.0,211.0,424.0,424.0,35.0,424.0,,,1564.0,4.0
札幌,5,5,マイネルシンベリン,リオンディーズ,-363.0,743.0,-714.0,1206.0,78.0,1038.0,,455.0,2443.0,3.0
札幌,5,6,サンセットゴールド,キズナ,-113.0,-41.0,4251.0,1194.0,3921.0,3253.0,,615.0,13080.0,1.0
札幌,6,1,ジャスパーソレイユ,Mitole,,-166.0,-261.0,-414.0,-250.0,-540.0,,-166.0,-1797.0,8.0
札幌,6,2,ピクラリーダ,ブラックタイド,-448.0,-1155.0,1243.0,-540.0,-856.0,501.0,,576.0,-679.0,6.0
札幌,6,3,カップッチョ,ジョーカプチーノ,254.0,894.0,286.0,2522.0,-413.0,1145.0,129.0,-259.0,4558.0,2.0
札幌,6,4,ペレグリン,バンブーエール,-30.0,121.0,943.0,-133.0,1479.0,1084.0,,-121.0,3343.0,4.0
札幌,6,5,テイオームサシ,ナダル,-157.0,39.0,1035.0,,-824.0,55.0,,21.0,169.0,5.0
札幌,6,6,エコロレオナ,City of Light,,-497.0,-527.0,-70.0,-166.0,-196.0,,-249.0,-1705.0,7.0
札幌,6,7,セイゲン,エスポワールシチー,-30.0,10.0,1555.0,-362.0,1164.0,1074.0,981.0,265.0,4657.0,1.0
札幌,6,8,アスクアメージモア,エピファネイア,-315.0,-6025.0,-3367.0,-1991.0,-3687.0,-5692.0,-3695.0,-811.0,-25583.0,9.0
札幌,6,9,ストラテージュ,モズアスコット,520.0,,1002.0,,906.0,1376.0,,444.0,4248.0,3.0
札幌,7,1,タマモジャスミン,タワーオブロンドン,221.0,-139.0,-614.0,,246.0,-157.0,,315.0,-128.0,9.0
札幌,7,2,セージグリーン,ディーマジェスティ,-27.0,925.0,699.0,-181.0,150.0,869.0,576.0,365.0,3376.0,6.0
札幌,7,3,ルージュミラージュ,リアルスティール,-71.0,756.0,3041.0,4033.0,1180.0,1961.0,,673.0,11573.0,4.0
札幌,7,4,エルバステラ,ナダル,-157.0,39.0,1035.0,,443.0,55.0,,21.0,1436.0,8.0
札幌,7,5,コンティオ,ダノンレジェンド,-30.0,1705.0,4811.0,1849.0,1477.0,3179.0,1072.0,1209.0,15272.0,3.0
札幌,7,6,オーロヴェール,レイデオロ,-199.0,-82.0,-284.0,,-1787.0,-3153.0,,-478.0,-5983.0,13.0
札幌,7,7,パーソナルアフェア,イスラボニータ,-292.0,35.0,-2141.0,725.0,-990.0,620.0,474.0,-272.0,-1841.0,11.0
札幌,7,8,サンキャメロン,アニマルキングダム,-324.0,-184.0,-736.0,0.0,33.0,106.0,-1282.0,-391.0,-2778.0,12.0
札幌,7,9,ガールズデイアウト,ニューイヤーズデイ,-250.0,70.0,-123.0,-171.0,119.0,-660.0,-17.0,469.0,-563.0,10.0
札幌,7,10,ドレミファニー,ドレフォン,832.0,2702.0,5543.0,1870.0,2178.0,2542.0,1886.0,1677.0,19230.0,1.0
札幌,7,11,シンボリノエル,ドレフォン,832.0,2702.0,5543.0,1332.0,2178.0,2542.0,,1677.0,16806.0,2.0
札幌,7,12,カポレイラ,アドマイヤマーズ,-315.0,400.0,1511.0,,328.0,968.0,-321.0,-236.0,2335.0,7.0
札幌,7,13,スナークメモリー,オルフェーヴル,313.0,1292.0,-224.0,441.0,1044.0,1152.0,402.0,287.0,4707.0,5.0
札幌,8,1,スモーキーゴッド,シルバーステート,-165.0,-1068.0,1981.0,-716.0,-864.0,-268.0,-837.0,209.0,-1728.0,5.0
札幌,8,2,コンドゥイア,フォーウィールドライブ,70.0,979.0,1902.0,,-445.0,1050.0,,-202.0,3354.0,2.0
札幌,8,3,ダークブロンド,ハービンジャー,607.0,-1020.0,423.0,-1249.0,-1113.0,2186.0,,-470.0,-636.0,4.0
札幌,8,4,ネーブルオレンジ,サトノダイヤモンド,879.0,-1161.0,-1096.0,-1057.0,-472.0,-854.0,,283.0,-3478.0,7.0
札幌,8,5,ブラックバラード,ダノンバラード,648.0,-531.0,1958.0,-601.0,754.0,634.0,,235.0,3097.0,3.0
札幌,8,6,サトノメルベイユ,サトノダイヤモンド,879.0,-1161.0,-1096.0,0.0,-472.0,-854.0,,283.0,-2421.0,6.0
札幌,8,7,イリスレーン,ハーツクライ,114.0,-1690.0,-3424.0,-1673.0,-2270.0,-2972.0,,-896.0,-12811.0,8.0
札幌,8,8,ドーギッド,オルフェーヴル,313.0,1292.0,1764.0,1034.0,1044.0,1152.0,402.0,243.0,7244.0,1.0
札幌,9,1,レッドレナート,レッドファルクス,6.0,1407.0,-1743.0,-170.0,-129.0,-466.0,-1307.0,-137.0,-2539.0,7.0
札幌,9,2,エフォートレス,エピファネイア,-315.0,-6025.0,-2937.0,-1991.0,-3687.0,-5692.0,-1724.0,-2058.0,-24429.0,8.0
札幌,9,3,ルクスアドラー,オルフェーヴル,313.0,1292.0,1764.0,363.0,147.0,1152.0,2285.0,243.0,7559.0,1.0
札幌,9,4,ソアラ,ヤマカツエース,45.0,-200.0,-88.0,,192.0,-425.0,-50.0,-21.0,-547.0,6.0
札幌,9,5,ルナルーチェット,ブリックスアンドモルタル,613.0,2059.0,1704.0,1564.0,66.0,-1051.0,391.0,103.0,5449.0,2.0
札幌,9,6,セイウンビッグバン,アドマイヤマーズ,-315.0,400.0,-428.0,,266.0,968.0,-321.0,424.0,994.0,5.0
札幌,9,7,メリディアンスター,モズアスコット,520.0,,1176.0,,906.0,1376.0,,874.0,4852.0,3.0
札幌,9,8,フォルテム,フィエールマン,108.0,-157.0,869.0,,292.0,140.0,55.0,575.0,1882.0,4.0
札幌,9,9,ヴァイタルピース,Pivotal,,,,,,,,,,
札幌,10,1,アスクビックスター,キングカメハメハ,10.0,-269.0,424.0,34.0,647.0,201.0,220.0,-72.0,1195.0,3.0
札幌,10,2,ラタフォレスト,パイロ,31.0,431.0,1911.0,112.0,1669.0,1506.0,846.0,554.0,7060.0,1.0
札幌,10,3,ドバイブルース,キンシャサノキセキ,-427.0,-1865.0,-67.0,-316.0,-322.0,855.0,,-779.0,-2921.0,4.0
札幌,10,4,セクシーブーケ,Liam's Map,-22.0,156.0,258.0,0.0,333.0,332.0,101.0,102.0,1260.0,2.0
札幌,10,5,タンゴバイラリン,イスラボニータ,-292.0,35.0,-2141.0,-480.0,-990.0,620.0,474.0,-272.0,-3046.0,5.0
札幌,10,6,トップオブジェラス,ドゥラメンテ,609.0,-1786.0,-2151.0,-3854.0,-1137.0,-809.0,-451.0,-942.0,-10521.0,8.0
札幌,10,7,グラウンドビート,ロードカナロア,71.0,-682.0,-288.0,1127.0,-3277.0,-3552.0,-1432.0,-968.0,-9001.0,7.0
札幌,10,8,マッシャーブルム,モーニン,-498.0,-1115.0,-2772.0,,-858.0,-1088.0,,-330.0,-6661.0,6.0
札幌,11,1,アドマイヤサジー,ハービンジャー,607.0,694.0,423.0,-1249.0,172.0,2186.0,1381.0,-470.0,3744.0,4.0
札幌,11,2,マイネルカンパーナ,ゴールドシップ,322.0,6.0,580.0,-2596.0,332.0,1463.0,325.0,-493.0,-61.0,6.0
札幌,11,3,スティンガーグラス,キズナ,-113.0,1952.0,4251.0,630.0,3304.0,3253.0,5483.0,615.0,19375.0,2.0
札幌,11,4,ヴェルミセル,ゴールドシップ,322.0,6.0,580.0,-2596.0,332.0,1463.0,325.0,-493.0,-61.0,6.0
札幌,11,5,シュバルツクーゲル,キズナ,-113.0,1952.0,4251.0,630.0,3304.0,3253.0,5483.0,615.0,19375.0,2.0
札幌,11,6,フルール,キズナ,-113.0,1952.0,4251.0,1712.0,3304.0,3253.0,5483.0,615.0,20457.0,1.0
札幌,11,7,パトリックハンサム,バゴ,131.0,45.0,-586.0,513.0,-447.0,94.0,-1176.0,205.0,-1221.0,8.0
札幌,11,8,エゾダイモン,ハーツクライ,114.0,-1166.0,-3424.0,-1673.0,-996.0,-2972.0,-2362.0,-896.0,-13375.0,9.0
札幌,11,9,マキシ,エピファネイア,-315.0,-389.0,-2937.0,-4517.0,-634.0,-5692.0,-1724.0,-2058.0,-18266.0,10.0
札幌,11,10,ミステリーウェイ,ジャスタウェイ,552.0,44.0,-261.0,552.0,800.0,826.0,1279.0,-429.0,3363.0,5.0
札幌,12,1,ステラバルセロナ,ハービンジャー,607.0,-1020.0,423.0,-1249.0,397.0,2186.0,-2656.0,-470.0,-1782.0,5.0
札幌,12,2,エリーズダイヤ,ハーツクライ,114.0,-1690.0,-3424.0,-1673.0,-791.0,-2972.0,-2362.0,-896.0,-13694.0,8.0
札幌,12,3,マイネルフォルツァ,ゴールドシップ,322.0,-733.0,580.0,-2596.0,-1659.0,1463.0,-781.0,-493.0,-3897.0,7.0
札幌,12,4,ルージュイストリア,ドレフォン,832.0,2702.0,-1151.0,1870.0,2133.0,2542.0,2587.0,-733.0,10782.0,1.0
札幌,12,5,ビーナスローズ,キタサンブラック,471.0,837.0,-309.0,2180.0,972.0,1214.0,1530.0,48.0,6943.0,4.0
札幌,12,6,ヨウシタンレイ,サトノアラジン,287.0,113.0,-1033.0,-1209.0,-314.0,-827.0,275.0,189.0,-2519.0,6.0
札幌,12,7,オルフェスト,オルフェーヴル,313.0,1292.0,1764.0,441.0,147.0,1152.0,2285.0,243.0,7637.0,2.0
札幌,12,8,ヒロノゴウカイ,ダノンレジェンド,-30.0,1705.0,-709.0,-101.0,2562.0,3179.0,1072.0,-69.0,7609.0,3.0
新潟,1,1,アビエーション,アメリカンペイトリオット,-616.0,-181.0,860.0,215.0,-87.0,-1232.0,-744.0,,-1785.0,5.0
新潟,1,2,ディアダイヤモンド,サートゥルナーリア,-158.0,78.0,-800.0,-499.0,418.0,-123.0,-572.0,,-1656.0,4.0
新潟,1,3,バーヴァンシー,リオンリオン,,,,,,,,,,
新潟,1,4,ブライスフェアリー,ウインブライト,300.0,664.0,-402.0,15.0,84.0,139.0,-653.0,,147.0,2.0
新潟,1,5,ジュリ,ダノンスマッシュ,,,,,,,,,,
新潟,1,6,ナタール,Saxon Warrior,128.0,-114.0,190.0,-78.0,-127.0,89.0,,,88.0,3.0
新潟,1,7,セルリア,グレーターロンドン,179.0,1058.0,2228.0,1403.0,1829.0,677.0,,,7374.0,1.0
新潟,2,1,パンジー,ウインブライト,300.0,664.0,-402.0,15.0,-55.0,139.0,,,661.0,2.0
新潟,2,2,ソルトバーン,ノーブルミッション,-49.0,-1955.0,-2208.0,-3655.0,-1418.0,-1350.0,,,-10635.0,4.0
新潟,2,3,クリスタルメモリー,キセキ,,,,,,,,,,
新潟,2,4,シシリアンフラッグ,ゴールドシップ,260.0,396.0,580.0,-541.0,1279.0,-1463.0,325.0,,836.0,1.0
新潟,2,5,ゾロアストロ,モーリス,-758.0,-5.0,-847.0,-235.0,-333.0,-1372.0,154.0,,-3396.0,3.0
新潟,2,6,ジーネキング,コントレイル,,,,,,,,,,
新潟,3,1,ホノボノ,ダノンプレミアム,,,,,,,,,,
新潟,3,2,ペルウィクトール,サートゥルナーリア,-158.0,-174.0,-800.0,-499.0,418.0,-123.0,,,-1336.0,6.0
新潟,3,3,ハングローズ,ドレフォン,-73.0,-1479.0,-1151.0,-187.0,2133.0,1854.0,,,1097.0,5.0
新潟,3,4,セントリアン,アジアエクスプレス,329.0,-240.0,919.0,-204.0,816.0,-392.0,,,1228.0,4.0
新潟,3,5,ガリレア,モズアスコット,254.0,672.0,1176.0,2176.0,906.0,851.0,,,6035.0,2.0
新潟,3,6,ゴールデンブラッド,サングレーザー,-166.0,1702.0,350.0,375.0,-249.0,-332.0,,,1680.0,3.0
新潟,3,7,フィロステファニ,エピファネイア,-277.0,2172.0,-2937.0,1587.0,-3687.0,-419.0,,,-3561.0,8.0
新潟,3,8,ディールメーカー,イスラボニータ,-169.0,527.0,4154.0,944.0,3209.0,1435.0,,,10100.0,1.0
新潟,3,9,ソニックキャット,ダイワメジャー,-357.0,-50.0,-636.0,-198.0,-1303.0,-961.0,,,-3505.0,7.0
新潟,4,1,ホウオウサンサール,ブリックスアンドモルタル,182.0,-621.0,-981.0,1564.0,1306.0,1767.0,391.0,,3608.0,5.0
新潟,4,2,カイブショウ,リオンディーズ,-1046.0,-1814.0,-460.0,-2627.0,78.0,-2040.0,,,-7909.0,14.0
新潟,4,3,ディースプレマシー,ディーマジェスティ,240.0,138.0,699.0,544.0,150.0,367.0,576.0,,2714.0,6.0
新潟,4,4,サイモンカクタス,バゴ,-462.0,-2134.0,-150.0,-1956.0,-993.0,-832.0,-1176.0,,-7703.0,13.0
新潟,4,5,メイショウコウベ,サトノアラジン,-528.0,-993.0,-1225.0,-998.0,-1250.0,-1300.0,275.0,,-6019.0,12.0
新潟,4,6,ドラゴンバスター,マクフィ,363.0,-286.0,-385.0,-999.0,330.0,-265.0,614.0,,-628.0,8.0
新潟,4,7,ウインマグノリア,サトノダイヤモンド,447.0,2121.0,-41.0,-1057.0,-472.0,-456.0,-1786.0,,-1244.0,9.0
新潟,4,8,ナックシュバリエ,シュヴァルグラン,1183.0,-2386.0,-1655.0,-314.0,-1088.0,-142.0,1534.0,,-2868.0,11.0
新潟,4,9,ヨドノタイヨウ,ミッキーロケット,-260.0,89.0,-613.0,-424.0,21.0,-156.0,-8.0,,-1351.0,10.0
新潟,4,10,クラウンハート,シニスターミニスター,-148.0,3492.0,9037.0,4395.0,5738.0,1262.0,3324.0,,27100.0,1.0
新潟,4,11,ブランフォルテ,シルバーステート,-810.0,-2175.0,-4781.0,-716.0,-864.0,-1360.0,,,-10706.0,15.0
新潟,4,12,タマモクリーガー,オルフェーヴル,634.0,930.0,-224.0,1034.0,1044.0,273.0,2285.0,,5976.0,4.0
新潟,4,13,グランスターオー,シニスターミニスター,-148.0,3492.0,9037.0,4395.0,5738.0,1262.0,3324.0,,27100.0,1.0
新潟,4,14,セブンスウェイ,ジャスタウェイ,-27.0,681.0,1037.0,-92.0,-334.0,-156.0,1279.0,,2388.0,7.0
新潟,4,15,カフェヘニーハイ,ヘニーヒューズ,63.0,1232.0,1991.0,551.0,1535.0,758.0,2019.0,,8149.0,3.0
新潟,5,1,スムースオペレター,オルフェーヴル,634.0,930.0,-224.0,1034.0,147.0,273.0,402.0,,3196.0,6.0
新潟,5,2,ナギサノバルコニー,ビッグアーサー,-465.0,-2689.0,-2995.0,-2474.0,-2015.0,-1388.0,-1302.0,,-13328.0,14.0
新潟,5,3,ヤサカエトワール,イスラボニータ,-169.0,693.0,-2141.0,725.0,3209.0,1435.0,474.0,,4226.0,5.0
新潟,5,4,クリナッチ,ルヴァンスレーヴ,-785.0,-957.0,891.0,,1262.0,-1038.0,-795.0,,-1422.0,11.0
新潟,5,5,グルナルーフス,ブルドッグボス,,,,,,,,,,
新潟,5,6,ロッカバイベイビー,ルヴァンスレーヴ,-785.0,-957.0,891.0,,1262.0,-1038.0,,,-627.0,9.0
新潟,5,7,ディクシーヴォーグ,デクラレーションオブウォー,10.0,-365.0,-1041.0,460.0,1127.0,-149.0,639.0,,681.0,7.0
新潟,5,8,パーティーガール,ホッコータルマエ,630.0,954.0,965.0,1566.0,767.0,1755.0,1357.0,,7994.0,2.0
新潟,5,9,ダイタエリュシオン,ホッコータルマエ,630.0,954.0,965.0,1566.0,767.0,1755.0,1357.0,,7994.0,2.0
新潟,5,10,シスター,シニスターミニスター,-148.0,3492.0,9037.0,4395.0,2774.0,1262.0,1722.0,,22534.0,1.0
新潟,5,11,ノックシュライン,Omaha Beach,-166.0,458.0,42.0,42.0,-497.0,-452.0,,,-573.0,8.0
新潟,5,12,ゲンキイッパイ,アメリカンペイトリオット,-616.0,-181.0,-1007.0,-452.0,-87.0,-1232.0,-939.0,,-4514.0,13.0
新潟,5,13,タカイチナダル,ナダル,-311.0,-285.0,1035.0,,-824.0,-435.0,53.0,,-767.0,10.0
新潟,5,14,トラストパイロ,パイロ,-143.0,495.0,1911.0,1709.0,324.0,276.0,61.0,,4633.0,4.0
新潟,5,15,サヤヒメ,マツリダゴッホ,-281.0,-747.0,-151.0,-550.0,-1147.0,-560.0,-515.0,,-3951.0,12.0
新潟,6,1,ペッレグリーニ,レイデオロ,767.0,-82.0,-1614.0,,251.0,1616.0,,,938.0,5.0
新潟,6,2,デルバイス,アイルハヴアナザー,-20.0,-60.0,204.0,-354.0,31.0,42.0,-70.0,,-227.0,6.0
新潟,6,3,アンビバレント,ディスクリートキャット,-113.0,408.0,2339.0,2190.0,2616.0,552.0,,,7992.0,2.0
新潟,6,4,デンクマール,モーリス,-758.0,-2146.0,-847.0,-400.0,-2142.0,-1372.0,,,-7665.0,11.0
新潟,6,5,コートアリシアン,サートゥルナーリア,-158.0,-208.0,-800.0,,418.0,-123.0,,,-871.0,7.0
新潟,6,6,メタルスピード,シルバーステート,-810.0,-1068.0,1981.0,-7.0,-1355.0,-1360.0,,,-2619.0,10.0
新潟,6,7,テラメリタ,ブリックスアンドモルタル,182.0,2059.0,1704.0,,66.0,1767.0,,,5778.0,4.0
新潟,6,8,シャンパンマーク,キズナ,312.0,2350.0,4251.0,630.0,-331.0,1572.0,,,8784.0,1.0
新潟,6,9,エイムフォーエース,サトノアラジン,-528.0,113.0,-1033.0,781.0,-314.0,-1300.0,,,-2281.0,9.0
新潟,6,10,メイショウヨゾラ,グレーターロンドン,179.0,1393.0,2228.0,605.0,1829.0,677.0,,,6911.0,3.0
新潟,6,11,チェルノボーグ,ディープインパクト,-167.0,-523.0,-238.0,-1023.0,-110.0,-223.0,141.0,,-2143.0,8.0
新潟,7,1,オフトレイル,Farhh,,,,,,,,,,
新潟,7,2,シンフォーエバー,Complexity,,,,,,,,,,
新潟,7,3,ジョウショーホープ,ミッキーロケット,-260.0,-43.0,715.0,,-135.0,-156.0,-8.0,,113.0,8.0
新潟,7,4,レガーロデルシエロ,ロードカナロア,484.0,2748.0,-1519.0,1127.0,1653.0,814.0,4167.0,,9474.0,2.0
新潟,7,5,ゴールデンシロップ,Havana Gold,,,,,,,,,,
新潟,7,6,ニシノスーベニア,ハービンジャー,-1027.0,694.0,423.0,-1249.0,397.0,-2367.0,1381.0,,-1748.0,12.0
新潟,7,7,ハクサンバード,ハクサンムーン,-218.0,-79.0,775.0,,500.0,-313.0,-263.0,,402.0,7.0
新潟,7,8,シヴァース,モーリス,-758.0,-657.0,-847.0,-1706.0,-2142.0,-1372.0,,,-7482.0,14.0
新潟,7,9,キョウエイブリッサ,グレーターロンドン,179.0,-224.0,2228.0,,1829.0,677.0,-764.0,,3925.0,4.0
新潟,7,10,トランキリテ,ルーラーシップ,-188.0,-153.0,345.0,-1091.0,2649.0,92.0,1680.0,,3334.0,5.0
新潟,7,11,ボンドガール,ダイワメジャー,-357.0,-587.0,-636.0,-555.0,-1303.0,-961.0,,,-4399.0,13.0
新潟,7,12,メイショウシンタケ,ワールドエース,470.0,-541.0,-406.0,41.0,-317.0,1055.0,-413.0,,-111.0,10.0
新潟,7,13,リフレーミング,キングヘイロー,-23.0,-351.0,221.0,424.0,0.0,39.0,200.0,,510.0,6.0
新潟,7,14,カナテープ,ロードカナロア,484.0,2748.0,-1519.0,1234.0,1653.0,814.0,4167.0,,9581.0,1.0
新潟,7,15,イミグラントソング,マクフィ,363.0,380.0,286.0,-999.0,-513.0,-265.0,,,-748.0,11.0
新潟,7,16,フォーチュンタイム,グレーターロンドン,179.0,-224.0,2228.0,605.0,1829.0,677.0,894.0,,6188.0,3.0
新潟,7,17,アルセナール,エピファネイア,-277.0,-389.0,-2937.0,-1991.0,-3687.0,-419.0,,,-9700.0,15.0
新潟,7,18,ダイシンヤマト,ヤマカツエース,2.0,-86.0,-88.0,,192.0,60.0,,,80.0,9.0
新潟,8,1,メモリーグラス,イスラボニータ,-169.0,35.0,-2141.0,1156.0,3209.0,1435.0,,,3525.0,6.0
新潟,8,2,モリノセピア,エスポワールシチー,-112.0,10.0,1555.0,214.0,1164.0,336.0,,,3167.0,7.0
新潟,8,3,アパッシメント,ロードカナロア,484.0,-682.0,-288.0,-1124.0,1653.0,814.0,4167.0,,5024.0,3.0
新潟,8,4,パルプフィクション,ミッキーアイル,-498.0,851.0,-837.0,1327.0,830.0,51.0,-77.0,,1647.0,8.0
新潟,8,5,スペキオサレジーナ,ルーラーシップ,-188.0,-1893.0,-317.0,-1091.0,2649.0,92.0,,,-748.0,12.0
新潟,8,6,ヴェルトラウム,ミッキーロケット,-260.0,-54.0,-613.0,866.0,-135.0,-156.0,,,-352.0,11.0
新潟,8,7,アルジェンタージョ,レッドファルクス,1009.0,1407.0,2243.0,-170.0,-129.0,737.0,-1307.0,,3790.0,5.0
新潟,8,8,ジェイエルバルカー,マジェスティックウォリアー,-464.0,3281.0,1907.0,-684.0,83.0,-34.0,,,4089.0,4.0
新潟,8,9,ノットファウンド,ドゥラメンテ,-651.0,-1786.0,-2151.0,-3854.0,-2927.0,-1880.0,,,-13249.0,15.0
新潟,8,10,シリウス,ダノンレジェンド,-477.0,1705.0,4811.0,1143.0,2562.0,849.0,,,10593.0,2.0
新潟,8,11,コスモマルーン,ロージズインメイ,-260.0,-1101.0,-275.0,-450.0,-178.0,33.0,-83.0,,-2314.0,13.0
新潟,8,12,ダズリングダンス,タイセイレジェンド,,10.0,204.0,174.0,-143.0,326.0,-39.0,,532.0,9.0
新潟,8,13,ストリンジェンド,キンシャサノキセキ,-400.0,-1865.0,-67.0,-304.0,-1136.0,-493.0,,,-4265.0,14.0
新潟,8,14,オーロラアーク,クリエイター2,-160.0,-32.0,-542.0,239.0,-132.0,-270.0,732.0,,-165.0,10.0
新潟,8,15,ヤマメキング,ドレフォン,-73.0,2702.0,5543.0,2608.0,2133.0,1854.0,1886.0,,16653.0,1.0
新潟,9,1,ヴァンナチュール,ヴァンセンヌ,307.0,221.0,5.0,1313.0,428.0,-12.0,228.0,,2490.0,7.0
新潟,9,2,アールプロスト,ディーマジェスティ,240.0,925.0,699.0,544.0,150.0,367.0,,,2925.0,6.0
新潟,9,3,マーゴットゲイン,マインドユアビスケッツ,470.0,-2667.0,-2646.0,-2569.0,-1831.0,785.0,82.0,,-8376.0,11.0
新潟,9,4,ペロ,シルバーステート,-810.0,-1068.0,-4781.0,-1130.0,-864.0,-1360.0,-673.0,,-10686.0,13.0
新潟,9,5,ミラクルキャッツ,キンシャサノキセキ,-400.0,-1865.0,-67.0,-304.0,-322.0,-493.0,-362.0,,-3813.0,10.0
新潟,9,6,ラーナローザ,ドレフォン,-73.0,2702.0,5543.0,2608.0,2178.0,1854.0,2587.0,,17399.0,1.0
新潟,9,7,フジレイメイ,サンダースノー,-528.0,1177.0,4847.0,4503.0,1191.0,-468.0,-2281.0,,8441.0,3.0
新潟,9,8,リバースザトレンド,ブリックスアンドモルタル,182.0,2059.0,-981.0,1564.0,1306.0,1767.0,,,5897.0,5.0
新潟,9,9,プロフェータ,ハービンジャー,-1027.0,-1020.0,-1415.0,-34.0,-1113.0,-2367.0,-2656.0,,-9632.0,12.0
新潟,9,10,リュクススティール,リアルスティール,340.0,756.0,3041.0,,1180.0,2787.0,-941.0,,7163.0,4.0
新潟,9,11,クラウングスタフ,レイデオロ,767.0,-82.0,-284.0,,-1787.0,1616.0,-1258.0,,-1028.0,9.0
新潟,9,12,コーカサスゴールド,ドレフォン,-73.0,2702.0,5543.0,1332.0,2178.0,1854.0,1886.0,,15422.0,2.0
新潟,9,13,ブレードサクセス,タリスマニック,199.0,-237.0,325.0,295.0,-174.0,356.0,,,764.0,8.0
新潟,10,1,リンガスマイル,ゴールデンマンデラ,,,,,,,,,,
新潟,10,2,ギャランドゥ,サトノダイヤモンド,447.0,2121.0,-1096.0,-1057.0,-472.0,-456.0,-1786.0,,-2299.0,9.0
新潟,10,3,メイショウニトベ,ダノンバラード,472.0,-59.0,1958.0,-197.0,754.0,1947.0,499.0,,5374.0,1.0
新潟,10,4,ハンクスター,モズアスコット,254.0,616.0,1176.0,,1155.0,851.0,-44.0,,4008.0,3.0
新潟,10,5,キョウエイグッド,トーセンラー,-75.0,-673.0,-175.0,-294.0,-903.0,-182.0,412.0,,-1890.0,7.0
新潟,10,6,クラレット,サートゥルナーリア,-158.0,78.0,-800.0,,-851.0,-123.0,-209.0,,-2063.0,8.0
新潟,10,7,イフルジャンス,ウインブライト,300.0,664.0,-402.0,,-55.0,139.0,327.0,,973.0,4.0
新潟,10,8,イサムダイヤモンド,サトノダイヤモンド,447.0,2121.0,-1096.0,-1057.0,-472.0,-456.0,-1786.0,,-2299.0,9.0
新潟,10,9,マイネルフィスキオ,ゴールドシップ,260.0,396.0,580.0,662.0,1279.0,-1463.0,-781.0,,933.0,5.0
新潟,10,10,サバイバルダッシュ,クリエイター2,-160.0,-544.0,-252.0,-290.0,-541.0,-270.0,-566.0,,-2623.0,11.0
新潟,10,11,ダノンアンチュラス,エピファネイア,-277.0,-1602.0,-2937.0,-3588.0,-1809.0,-419.0,-1724.0,,-12356.0,13.0
新潟,10,12,ヴィジョンメーカー,ルーラーシップ,-188.0,1741.0,345.0,645.0,-1950.0,92.0,-708.0,,-23.0,6.0
新潟,10,13,エターナルシルバー,シルバーステート,-810.0,-2175.0,1981.0,-716.0,-864.0,-1360.0,-837.0,,-4781.0,12.0
新潟,10,14,ディアボリカドンナ,フィエールマン,897.0,1356.0,869.0,,812.0,1015.0,55.0,,5004.0,2.0
新潟,11,1,カパラミプ,メイショウボーラー,-135.0,-459.0,-440.0,-389.0,-1128.0,88.0,,,-2463.0,11.0
新潟,11,2,エスポワールドロワ,ルヴァンスレーヴ,-785.0,-957.0,2897.0,,1262.0,-1038.0,-795.0,,584.0,7.0
新潟,11,3,イスラコラソン,イスラボニータ,-169.0,693.0,4154.0,725.0,3209.0,1435.0,474.0,,10521.0,1.0
新潟,11,4,ハクサンハナビ,シルポート,-154.0,-571.0,-614.0,-298.0,-352.0,-109.0,-111.0,,-2209.0,10.0
新潟,11,5,キャンディブーケ,レイデオロ,767.0,44.0,-1614.0,-4861.0,251.0,1616.0,10.0,,-3787.0,13.0
新潟,11,6,タワークライマー,タワーオブロンドン,357.0,494.0,796.0,,197.0,248.0,-414.0,,1678.0,4.0
新潟,11,7,ニシノカクテル,ノーブルミッション,-49.0,-1955.0,-2208.0,,-2248.0,-1350.0,-655.0,,-8465.0,16.0
新潟,11,8,リュウノヒルド,エピカリス,-141.0,-602.0,-201.0,216.0,-1292.0,-710.0,-448.0,,-3178.0,12.0
新潟,11,9,ブラックエトワール,シルバーステート,-810.0,-2175.0,1981.0,-716.0,-1355.0,-1360.0,,,-4435.0,14.0
新潟,11,10,ベルリネッタ,タワーオブロンドン,357.0,494.0,796.0,,197.0,248.0,-414.0,,1678.0,4.0
新潟,11,11,ロジステート,シルバーステート,-810.0,-2175.0,1981.0,-716.0,-1355.0,-1360.0,-837.0,,-5272.0,15.0
新潟,11,12,ラベンサラ,マジェスティックウォリアー,-464.0,-2275.0,-268.0,1616.0,83.0,-34.0,-764.0,,-2106.0,9.0
新潟,11,13,メモリーフィルム,ディスクリートキャット,-113.0,684.0,2339.0,831.0,2616.0,552.0,,,6909.0,2.0
新潟,11,14,スウェルティア,ダノンバラード,472.0,-59.0,1958.0,-197.0,1588.0,1947.0,865.0,,6574.0,3.0
新潟,11,15,シャンハイノハナ,シャンハイボビー,35.0,722.0,-710.0,-556.0,145.0,-1490.0,2106.0,,252.0,8.0
新潟,11,16,チュッチュポッポ,ディーマジェスティ,240.0,138.0,-344.0,544.0,363.0,367.0,,,1308.0,6.0
新潟,12,1,マーゴットカーラ,エピファネイア,-277.0,-6025.0,-2937.0,-3588.0,-3687.0,-419.0,,,-16933.0,15.0
新潟,12,2,デイジー,デクラレーションオブウォー,10.0,-336.0,716.0,-2095.0,1127.0,-149.0,,,-727.0,9.0
新潟,12,3,ニシノヒミチュ,ビッグアーサー,-465.0,652.0,63.0,-2474.0,-2015.0,-1388.0,-1302.0,,-6929.0,11.0
新潟,12,4,ザハーフェル,サトノクラウン,835.0,2098.0,-1605.0,1948.0,-221.0,-36.0,-877.0,,2142.0,5.0
新潟,12,5,ホリーアン,ゴールドアクター,720.0,761.0,1736.0,813.0,-190.0,650.0,393.0,,4883.0,3.0
新潟,12,6,マジカルワード,ハーツクライ,-62.0,-1690.0,-3424.0,-1673.0,-791.0,-1155.0,,,-8795.0,12.0
新潟,12,7,ドゥムーラン,サトノダイヤモンド,447.0,-1161.0,-1096.0,,414.0,-456.0,2069.0,,217.0,8.0
新潟,12,8,レモンバーム,ジョーカプチーノ,141.0,894.0,342.0,-265.0,-413.0,-264.0,129.0,,564.0,7.0
新潟,12,9,ラブリーガール,サートゥルナーリア,-158.0,-208.0,-800.0,,418.0,-123.0,,,-871.0,10.0
新潟,12,10,クレオズニードル,ファインニードル,-261.0,468.0,733.0,-58.0,353.0,665.0,-477.0,,1423.0,6.0
新潟,12,11,ルパヴィヨン,イスラボニータ,-169.0,35.0,4154.0,725.0,3209.0,1435.0,474.0,,9863.0,1.0
新潟,12,12,ガーネットウインク,エポカドーロ,,,,,,,,,,
新潟,12,13,アストラッド,ダノンバラード,472.0,-531.0,1958.0,-601.0,1588.0,1947.0,,,4833.0,4.0
新潟,12,14,イコノスタシス,モーリス,-758.0,-2146.0,-847.0,-1874.0,-2142.0,-1372.0,,,-9139.0,13.0
新潟,12,15,ロンドンアームズ,グレーターロンドン,179.0,1393.0,2228.0,605.0,1829.0,677.0,,,6911.0,2.0
新潟,12,16,ベランジェール,モーリス,-758.0,-2146.0,-847.0,-1706.0,-2142.0,-1372.0,-1055.0,,-10026.0,14.0
中京,1,1,シュハリ,カレンブラックヒル,38.0,322.0,-61.0,-1624.0,-231.0,1084.0,-285.0,,-757.0,7.0
中京,1,2,タイセイジャスパー,ヘニーヒューズ,55.0,1232.0,-175.0,-438.0,-532.0,758.0,,,900.0,2.0
中京,1,3,リゼレインボー,ワールドエース,-150.0,-1451.0,-271.0,41.0,133.0,1055.0,-413.0,,-1056.0,9.0
中京,1,4,ディープレイヤー,ディーマジェスティ,-79.0,138.0,,-456.0,-66.0,367.0,-546.0,,-642.0,6.0
中京,1,5,アイファーキャップ,アポロケンタッキー,-249.0,398.0,,,,-176.0,-493.0,,-520.0,5.0
中京,1,6,ダイシンネイビー,シルバーステート,601.0,-2175.0,-672.0,-1130.0,-97.0,-1360.0,-673.0,,-5506.0,13.0
中京,1,7,ケンヴァイザッハ,ゴールドアクター,-87.0,621.0,0.0,,412.0,650.0,490.0,,2086.0,1.0
中京,1,8,アースブレイブ,ゴールドシップ,26.0,396.0,-13.0,-2596.0,332.0,-1463.0,325.0,,-2993.0,11.0
中京,1,9,コスモエスメラルダ,ゴールドシップ,26.0,396.0,-13.0,662.0,332.0,-1463.0,,,-60.0,4.0
中京,1,10,ホウオウフウジン,ロードカナロア,383.0,-606.0,438.0,1234.0,-47.0,814.0,-1432.0,,784.0,3.0
中京,1,11,アルカンサス,シルバーステート,601.0,-2175.0,-672.0,-7.0,-97.0,-1360.0,,,-3710.0,12.0
中京,1,12,スマラグドス,ハーツクライ,-153.0,-586.0,46.0,-1673.0,-996.0,-1155.0,-2362.0,,-6879.0,14.0
中京,1,13,エメラルドラグーン,ブラックタイド,460.0,253.0,-127.0,65.0,-244.0,-562.0,-604.0,,-759.0,8.0
中京,1,14,タマモエース,ワールドエース,-150.0,-1451.0,-271.0,41.0,133.0,1055.0,-413.0,,-1056.0,9.0
中京,2,1,フェスティーヴォ,エイシンフラッシュ,-146.0,-643.0,-1122.0,-937.0,-936.0,-1831.0,-1473.0,,-7088.0,13.0
中京,2,2,メイショウカスガイ,マジェスティックウォリアー,22.0,-2275.0,1907.0,1616.0,1357.0,-34.0,,,2593.0,4.0
中京,2,3,テーオーシュタイン,ワールドエース,-150.0,-1451.0,-1232.0,-1470.0,-1525.0,1055.0,-413.0,,-5186.0,12.0
中京,2,4,ビモクシュウレイ,トビーズコーナー,-106.0,403.0,2240.0,1179.0,1068.0,1207.0,,,5991.0,1.0
中京,2,5,マスターライセンス,サートゥルナーリア,-361.0,78.0,452.0,,-851.0,-123.0,,,-805.0,11.0
中京,2,6,エポエポサン,ジャスタウェイ,181.0,681.0,1037.0,-92.0,-334.0,-156.0,978.0,,2295.0,6.0
中京,2,7,バンドブラザー,バンドワゴン,90.0,-168.0,220.0,31.0,151.0,-190.0,,,134.0,9.0
中京,2,8,ポジティビティ,モーニン,-734.0,-1368.0,-2772.0,-2999.0,-858.0,-1940.0,-334.0,,-11005.0,15.0
中京,2,9,バトンロード,ホッコータルマエ,452.0,954.0,965.0,1566.0,40.0,1755.0,,,5732.0,2.0
中京,2,10,ブレスドナイル,Gun Runner,-87.0,377.0,275.0,168.0,0.0,61.0,,,794.0,8.0
中京,2,11,ジャスティントレノ,Into Mischief,203.0,213.0,480.0,186.0,-566.0,351.0,,,867.0,7.0
中京,2,12,エイシンガウディ,ゴールドアクター,-87.0,621.0,-162.0,813.0,1233.0,650.0,490.0,,3558.0,3.0
中京,2,13,メイショウゲキハ,トランセンド,129.0,302.0,-35.0,89.0,-275.0,-162.0,,,48.0,10.0
中京,2,14,スピントロニクス,ドゥラメンテ,-537.0,-806.0,-2151.0,-753.0,-1137.0,-1880.0,-1099.0,,-8363.0,14.0
中京,2,15,グレイルクエスト,リアルインパクト,-53.0,567.0,-301.0,2440.0,-478.0,181.0,,,2356.0,5.0
中京,2,16,レアルシチー,アルアイン,87.0,-3469.0,-1694.0,-3762.0,-2319.0,-2037.0,-2455.0,,-15649.0,16.0
中京,3,1,ロードメルヴェイユ,ロードカナロア,383.0,-1557.0,-1519.0,-1354.0,-3277.0,814.0,,,-6510.0,4.0
中京,3,2,リントゥラウル,キズナ,660.0,-41.0,4251.0,1194.0,3921.0,1572.0,,,11557.0,1.0
中京,3,3,ロックターミガン,シスキン,-79.0,211.0,424.0,424.0,35.0,11.0,,,1026.0,2.0
中京,3,4,エコロレーヴ,Tiz the Law,,,,,,,,,,
中京,3,5,クールドリオン,スワーヴリチャード,182.0,-978.0,-1019.0,-181.0,787.0,-291.0,,,-1500.0,3.0
中京,3,6,ダノンセフィーロ,コントレイル,,,,,,,,,,
中京,4,1,マダムイグレイン,ビッグアーサー,-336.0,-2689.0,-2995.0,-2474.0,-2015.0,-1388.0,,,-11897.0,15.0
中京,4,2,ブライトイメル,オルフェーヴル,235.0,930.0,-224.0,1034.0,147.0,273.0,402.0,,2797.0,3.0
中京,4,3,リリードリーマー,ゴールドドリーム,-236.0,-1060.0,-384.0,,-2512.0,-1051.0,-447.0,,-5690.0,13.0
中京,4,4,メイショウヨンク,メイショウボーラー,312.0,-459.0,-262.0,-389.0,-1128.0,88.0,-134.0,,-1972.0,10.0
中京,4,5,グティ,アドマイヤマーズ,-159.0,-240.0,1511.0,,266.0,-174.0,185.0,,1389.0,5.0
中京,4,6,アメリカンタロー,American Pharoah,385.0,444.0,507.0,201.0,660.0,109.0,122.0,,2428.0,4.0
中京,4,7,パッションディーバ,ゴールドシップ,26.0,396.0,-734.0,662.0,-1659.0,-1463.0,,,-2772.0,11.0
中京,4,8,ダンツトラバース,フォーウィールドライブ,360.0,1462.0,1178.0,,3796.0,2014.0,741.0,,9551.0,1.0
中京,4,9,メイショウサトノヒ,ニューイヤーズデイ,930.0,-354.0,-123.0,-171.0,244.0,1166.0,-1339.0,,353.0,7.0
中京,4,10,メイショウセツゲツ,ロジャーバローズ,1387.0,-1748.0,-499.0,-527.0,601.0,1667.0,,,881.0,6.0
中京,4,11,ドラゴンガール,エピファネイア,24.0,-1602.0,-3367.0,-3588.0,-3687.0,-419.0,-3695.0,,-16334.0,16.0
中京,4,12,モンサンヴデット,ルヴァンスレーヴ,-691.0,-957.0,891.0,,1262.0,-1038.0,-795.0,,-1328.0,9.0
中京,4,13,シンゼンマルノスケ,ハービンジャー,-718.0,-337.0,-1415.0,-34.0,397.0,-2367.0,,,-4474.0,12.0
中京,4,14,スマートフランキー,スマートオーディン,-83.0,140.0,-249.0,,187.0,-414.0,-166.0,,-585.0,8.0
中京,4,15,インディゴアスール,リオンディーズ,-533.0,-1814.0,-460.0,-2627.0,-1631.0,-2040.0,,,-9105.0,14.0
中京,4,16,メメテラステラ,リアルインパクト,-53.0,567.0,-301.0,2440.0,533.0,181.0,,,3367.0,2.0
中京,5,1,プレスジャンケット,ドゥラメンテ,-537.0,-806.0,-829.0,-753.0,-2927.0,-1880.0,-1099.0,,-8831.0,15.0
中京,5,2,コンプリート,キズナ,660.0,1802.0,4251.0,2547.0,-331.0,1572.0,54.0,,10555.0,2.0
中京,5,3,ロイヤルウィル,タワーオブロンドン,-322.0,494.0,796.0,,197.0,248.0,397.0,,1810.0,7.0
中京,5,4,キーブリーゼ,フォーウィールドライブ,360.0,1462.0,1902.0,,3796.0,2014.0,,,9534.0,4.0
中京,5,5,ジーティーハート,キタサンブラック,-153.0,937.0,-309.0,-564.0,972.0,-412.0,1941.0,,2412.0,6.0
中京,5,6,ワンダーフレックス,ブリックスアンドモルタル,774.0,-621.0,1704.0,1564.0,66.0,1767.0,-1593.0,,3661.0,5.0
中京,5,7,メイショウセイロウ,ビッグアーサー,-336.0,-2689.0,63.0,-2474.0,-2015.0,-1388.0,-1302.0,,-10141.0,17.0
中京,5,8,フロレンテム,サートゥルナーリア,-361.0,78.0,-800.0,,418.0,-123.0,-572.0,,-1360.0,12.0
中京,5,9,ベルサ,マクフィ,-354.0,-286.0,286.0,-999.0,-513.0,-265.0,614.0,,-1517.0,13.0
中京,5,10,マグナドムス,American Pharoah,385.0,444.0,-114.0,201.0,660.0,109.0,122.0,,1807.0,8.0
中京,5,11,シストロン,ドゥラメンテ,-537.0,-806.0,-829.0,-753.0,-2927.0,-1880.0,-1099.0,,-8831.0,15.0
中京,5,12,シャンパンライフ,イスラボニータ,-80.0,693.0,4154.0,725.0,3209.0,1435.0,,,10136.0,3.0
中京,5,13,プロメトル,キズナ,660.0,1802.0,4251.0,2547.0,-331.0,1572.0,5483.0,,15984.0,1.0
中京,5,14,サンマルメロディー,ミスターメロディ,1225.0,-228.0,1263.0,,-167.0,-133.0,-344.0,,1616.0,9.0
中京,5,15,アイサイト,アドマイヤマーズ,-159.0,-240.0,-428.0,,266.0,-174.0,185.0,,-550.0,10.0
中京,5,16,フライバイビーナス,エピファネイア,24.0,-1602.0,-2937.0,-3588.0,-3687.0,-419.0,-3695.0,,-15904.0,18.0
中京,5,17,エンベッカ,サトノダイヤモンド,-582.0,2121.0,-1096.0,-1057.0,414.0,-456.0,,,-656.0,11.0
中京,5,18,ラヴアンドホープ,モーリス,-1439.0,-5.0,-847.0,-400.0,-2142.0,-1372.0,-1055.0,,-7260.0,14.0
中京,6,1,アレナリア,ブラックタイド,460.0,-1155.0,-1443.0,206.0,537.0,-562.0,,,-1957.0,5.0
中京,6,2,シャハザマーン,ドゥラメンテ,-537.0,-1786.0,-829.0,-337.0,-1137.0,-1880.0,-451.0,,-6957.0,10.0
中京,6,3,ヤングスカーレット,サトノアラジン,432.0,113.0,-1033.0,781.0,-1250.0,-1300.0,,,-2257.0,6.0
中京,6,4,バンフィエルド,オルフェーヴル,235.0,1292.0,1764.0,441.0,1044.0,273.0,,,5049.0,2.0
中京,6,5,ジュンツバメガエシ,ジャスタウェイ,181.0,374.0,-261.0,552.0,-334.0,-156.0,978.0,,1334.0,3.0
中京,6,6,ワイズゴールド,レインボーライン,-332.0,-912.0,-639.0,,196.0,-1228.0,322.0,,-2593.0,8.0
中京,6,7,ヴァリディシームス,キズナ,660.0,2350.0,4251.0,2547.0,3921.0,1572.0,54.0,,15355.0,1.0
中京,6,8,コスモエクスプレス,エイシンヒカリ,-43.0,-933.0,990.0,-991.0,-137.0,-308.0,,,-1422.0,4.0
中京,6,9,ティンク,ダイワメジャー,-364.0,-940.0,-636.0,-555.0,-872.0,-961.0,-2566.0,,-6894.0,9.0
中京,6,10,ヴィブラツィオーネ,スピルバーグ,-332.0,-260.0,243.0,-1704.0,-207.0,-175.0,27.0,,-2408.0,7.0
中京,7,1,アドバンスファラオ,American Pharoah,385.0,-66.0,507.0,-227.0,660.0,109.0,,,1368.0,8.0
中京,7,2,ビダーヤ,リアルスティール,530.0,-464.0,3041.0,-2525.0,3839.0,2787.0,,,7208.0,3.0
中京,7,3,オメガギネス,ロゴタイプ,256.0,910.0,-290.0,-399.0,-1801.0,-771.0,-175.0,,-2270.0,13.0
中京,7,4,エートラックス,ニューイヤーズデイ,930.0,-188.0,-123.0,,244.0,1166.0,-1339.0,,690.0,12.0
中京,7,5,イグザルト,ドゥラメンテ,-537.0,-973.0,-2151.0,-3854.0,-2927.0,-1880.0,,,-12322.0,16.0
中京,7,6,ダノンスコーピオン,ロードカナロア,383.0,2748.0,-288.0,1234.0,1653.0,814.0,-1432.0,,5112.0,6.0
中京,7,7,ヤマニンウルス,ジャスタウェイ,181.0,44.0,1037.0,552.0,691.0,-156.0,978.0,,3327.0,7.0
中京,7,8,インユアパレス,Palace Malice,60.0,183.0,535.0,0.0,-72.0,77.0,,,783.0,10.0
中京,7,9,ライツフォル,ミッキーアイル,83.0,493.0,-837.0,130.0,830.0,51.0,,,750.0,11.0
中京,7,10,ヴィクティファルス,ハーツクライ,-153.0,-1166.0,-519.0,-1673.0,-791.0,-1155.0,235.0,,-5222.0,14.0
中京,7,11,ロードエクレール,ロードカナロア,383.0,2748.0,-288.0,1234.0,1653.0,814.0,,,6544.0,4.0
中京,7,12,アルファマム,マジェスティックウォリアー,22.0,-403.0,1907.0,-684.0,83.0,-34.0,,,891.0,9.0
中京,7,13,コンクイスタ,ロードカナロア,383.0,2748.0,-288.0,1234.0,1653.0,814.0,,,6544.0,4.0
中京,7,14,サンライズホーク,リオンディーズ,-533.0,-183.0,-460.0,-990.0,-1631.0,-2040.0,-2297.0,,-8134.0,15.0
中京,7,15,リジル,ダノンレジェンド,119.0,-512.0,4811.0,1143.0,2562.0,849.0,,,8972.0,2.0
中京,7,16,サンライズフレイム,ドレフォン,747.0,1007.0,5543.0,1870.0,2133.0,1854.0,,,13154.0,1.0
中京,8,1,ツーネサーン,Frankel,69.0,-186.0,348.0,334.0,308.0,61.0,,,934.0,3.0
中京,8,2,フルレゾン,オルフェーヴル,235.0,1292.0,1764.0,363.0,1044.0,273.0,,,4971.0,2.0
中京,8,3,ラッキーベイ,モーリス,-1439.0,-2146.0,-847.0,-400.0,-333.0,-1372.0,,,-6537.0,5.0
中京,8,4,ピエタンツァ,エピファネイア,24.0,-6025.0,-2937.0,-3588.0,-1809.0,-419.0,-3695.0,,-18449.0,7.0
中京,8,5,メイケイロゼッタ,リアルスティール,530.0,756.0,1953.0,4033.0,1180.0,2787.0,-941.0,,10298.0,1.0
中京,8,6,メディテラニアン,サートゥルナーリア,-361.0,-208.0,-800.0,,-851.0,-123.0,,,-2343.0,4.0
中京,8,7,ヴォラヴィア,エイシンフラッシュ,-146.0,-1895.0,-2598.0,-937.0,-936.0,-1831.0,-1473.0,,-9816.0,6.0
中京,9,1,ヴァンアグレアブル,ルヴァンスレーヴ,-691.0,-315.0,891.0,,1137.0,-1038.0,,,-16.0,3.0
中京,9,2,ペイシャコパ,コパノリッキー,-267.0,-1582.0,-2742.0,-184.0,97.0,-1208.0,,,-5886.0,7.0
中京,9,3,ベファーナ,エピファネイア,24.0,-6025.0,-3367.0,-4517.0,-1809.0,-419.0,-3695.0,,-19808.0,9.0
中京,9,4,ブラックドレス,ブラックタイド,460.0,-1155.0,1243.0,-540.0,537.0,-562.0,-604.0,,-621.0,5.0
中京,9,5,エターナルプロミス,ドレフォン,747.0,2702.0,5543.0,2608.0,2178.0,1854.0,,,15632.0,1.0
中京,9,6,アンドリーナ,リオンディーズ,-533.0,236.0,-460.0,-2627.0,78.0,-2040.0,-2297.0,,-7643.0,8.0
中京,9,7,アリストクラシア,ハーツクライ,-153.0,-1690.0,-519.0,219.0,-2270.0,-1155.0,,,-5568.0,6.0
中京,9,8,ノンスタンダルド,ナダル,-22.0,39.0,1035.0,,443.0,-435.0,,,1060.0,2.0
中京,9,9,ヨーグルトナン,ダンカーク,-67.0,-452.0,259.0,1235.0,-128.0,-91.0,-1264.0,,-508.0,4.0
中京,10,1,ヴァカンツァ,ルヴァンスレーヴ,-691.0,-315.0,891.0,,1262.0,-1038.0,,,109.0,9.0
中京,10,2,ニューオーリンズ,リアルスティール,530.0,756.0,3041.0,4033.0,3839.0,2787.0,1095.0,,16081.0,1.0
中京,10,3,メティエダール,American Pharoah,385.0,-230.0,507.0,379.0,660.0,109.0,,,1810.0,5.0
中京,10,4,パワーアイガー,ノーブルミッション,-497.0,,-1824.0,,-2248.0,-1350.0,-655.0,,-6574.0,12.0
中京,10,5,モカラマーズ,アドマイヤマーズ,-159.0,400.0,1511.0,,266.0,-174.0,185.0,,2029.0,4.0
中京,10,6,ジェバーダ,Volatile,-83.0,,213.0,,156.0,160.0,325.0,,771.0,8.0
中京,10,7,サンウイキョウ,カレンブラックヒル,38.0,590.0,1569.0,1294.0,1022.0,1084.0,,,5597.0,3.0
中京,10,8,シルフズミスチーフ,Into Mischief,203.0,-37.0,480.0,186.0,502.0,351.0,,,1685.0,6.0
中京,10,9,アメリカンポリス,Into Mischief,203.0,-37.0,480.0,186.0,502.0,351.0,,,1685.0,6.0
中京,10,10,サンライズブレイク,フォーウィールドライブ,360.0,979.0,1178.0,,3796.0,2014.0,,,8327.0,2.0
中京,10,11,クリオシダード,サートゥルナーリア,-361.0,-208.0,452.0,,418.0,-123.0,-209.0,,-31.0,10.0
中京,10,12,エイシンコクスン,サトノダイヤモンド,-582.0,-1161.0,-41.0,0.0,414.0,-456.0,,,-1826.0,11.0
中京,11,1,パイオニアスクエア,ドゥラメンテ,-537.0,-806.0,-829.0,-753.0,-1137.0,-1880.0,-451.0,,-6393.0,6.0
中京,11,2,ピンクベルズ,レイデオロ,-95.0,44.0,-1614.0,-4861.0,-1787.0,1616.0,-1258.0,,-7955.0,7.0
中京,11,3,カーボナード,サトノダイヤモンド,-582.0,2121.0,-1096.0,-1057.0,-472.0,-456.0,-1786.0,,-3328.0,5.0
中京,11,4,マテンロウアーチ,Sottsass,,,,,,,,,,
中京,11,5,ホウオウレイヴン,サートゥルナーリア,-361.0,78.0,-800.0,,-851.0,-123.0,-209.0,,-2266.0,4.0
中京,11,6,ルークピオーネ,ウインバリアシオン,,,,,,,,,,
中京,11,7,リビングストン,エピファネイア,24.0,-1602.0,-2937.0,-3588.0,-1809.0,-419.0,-1724.0,,-12055.0,9.0
中京,11,8,マイネルトラオム,ノヴェリスト,68.0,-777.0,407.0,-160.0,35.0,-171.0,142.0,,-456.0,3.0
中京,11,9,アスクコモンタレヴ,キズナ,660.0,1802.0,4251.0,2547.0,3921.0,1572.0,5483.0,,20236.0,1.0
中京,11,10,オゴオゴ,リオンディーズ,-533.0,-1814.0,-714.0,-2627.0,78.0,-2040.0,-2297.0,,-9947.0,8.0
中京,11,11,キングベル,オルフェーヴル,235.0,930.0,1764.0,1034.0,1044.0,273.0,2285.0,,7565.0,2.0
中京,12,1,ピストンボーイ,イスラボニータ,-80.0,35.0,4154.0,-480.0,3209.0,1435.0,474.0,,8747.0,1.0
中京,12,2,ブラックサンライズ,キタサンブラック,-153.0,837.0,-309.0,1006.0,972.0,-412.0,1941.0,,3882.0,3.0
中京,12,3,ピースフルナイト,ファインニードル,-114.0,468.0,733.0,,353.0,665.0,,,2105.0,4.0
中京,12,4,エコロハート,ストロングリターン,-139.0,-499.0,-693.0,-438.0,224.0,-497.0,,,-2042.0,6.0
中京,12,5,アウクソー,サトノアラジン,432.0,113.0,-1033.0,-1209.0,-314.0,-1300.0,,,-3311.0,7.0
中京,12,6,フォティック,エイシンヒカリ,-43.0,-933.0,990.0,-991.0,1573.0,-308.0,,,288.0,5.0
中京,12,7,チカポコ,ブラックタイド,460.0,-1155.0,-1443.0,206.0,-856.0,-562.0,,,-3350.0,8.0
中京,12,8,スネーフリンガ,サンダースノー,478.0,1177.0,-1402.0,4503.0,2687.0,-468.0,,,6975.0,2.0
中京,12,9,ウィンストン,モーリス,-1439.0,-2146.0,-847.0,-400.0,-2142.0,-1372.0,,,-8346.0,9.0
